case 0
2408 2 44100 1152 196b2494c1a26169
5383 2 44100 1152 ce5db5d1d496dda9
8926 2 44100 1152 73722bff69b88eda
11629 2 44100 1152 9fab73e818ea5599
14340 2 44100 1152 8576cf3c3c465836
case 1
2393 2 44100 1152 3de4a099db1763ad
5332 2 44100 1152 6af85dbcac1bb253
8871 2 44100 1152 fade60c88ee27d71
11270 2 44100 1152 d8c967ca8a749060
14235 2 44100 1152 6d915f84d43a4f29
case 2
1236 1 44100 1152 0a6bbbb6efd52713
2773 1 44100 1152 9a60b867cc503ad0
4590 1 44100 1152 5394a518e3eef269
5831 1 44100 1152 eb28ba950cda2ecc
7072 1 44100 1152 81c61f3fc7e5ba55
case 3
2395 2 48000 1152 75b41645736f96bd
5924 2 48000 1152 383302031d8b4c9f
8899 2 48000 1152 56d4c9f1806d6376
11298 2 48000 1152 339775d473849542
14551 2 48000 1152 37e7a029103d50ae
case 4
2708 2 48000 1152 632e8a722e82e3d1
6239 2 48000 1152 f4b4073fc05ea01c
9230 2 48000 1152 ed2091754ae52cc6
11645 2 48000 1152 f8f8b4f9c8f11e89
15196 2 48000 1152 6376a79d0c6c262e
case 5
1217 1 48000 1152 4d08e7f365b186e0
2988 1 48000 1152 a53a66ea4cff5356
4495 1 48000 1152 4fca6f479bf247d3
5714 1 48000 1152 00ef90f42791bc0a
7473 1 48000 1152 4ad61e1475ffdaac
case 6
4018 2 32000 1152 926ff0b42d5bdeb1
8877 2 32000 1152 ee04d37337726f6d
12344 2 32000 1152 72810dd8d99a45df
16351 2 32000 1152 09e4f108e4ae5efa
21186 2 32000 1152 6bb1d585d59f923d
case 7
4299 2 32000 1152 cc29bc1e46c0b22b
8872 2 32000 1152 39a9c6b951fadfbd
12607 2 32000 1152 4c4bc7aadc7f5b1a
16604 2 32000 1152 142d492a8a198ebb
21453 2 32000 1152 5a5ed85d28043df2
case 8
2106 1 32000 1152 36f346dc358760d1
4607 1 32000 1152 435c7ea5acd4ac58
6432 1 32000 1152 73d28cc03eefbf85
8413 1 32000 1152 3e579e0f79158242
11078 1 32000 1152 ca28c7e1c1d7c8c9
case 9
12681 2 44100 1152 6ca4dc8db7a4e69b
23428 2 44100 1152 564511c4850ec36b
36189 2 44100 1152 6f76d055be38bf3d
48840 2 44100 1152 1a8e4ddc18de6e29
58827 2 44100 1152 8fa66b62438be80a
case 10
11676 2 44100 1152 3197976fe040392c
22533 2 44100 1152 305f4a9f9bd8452c
35574 2 44100 1152 094ad75428fd5ed7
48283 2 44100 1152 ebe94520fab46571
59052 2 44100 1152 5daef078d8bf2277
case 11
6917 1 44100 1152 b9fd343fe7eb24a9
12388 1 44100 1152 b1d5324c1fdc32d6
19119 1 44100 1152 d4aff6fa0fa34b27
26378 1 44100 1152 586d349e58cb4d82
32017 1 44100 1152 22a216c228ffb734
case 12
10846 2 48000 1152 8b5816fa3404e53d
23067 2 48000 1152 1d1dcdd7184c4916
36372 2 48000 1152 03daaea93149482c
47677 2 48000 1152 8d3ced2b1a945b09
58714 2 48000 1152 819962b8c399f9dd
case 13
9985 2 48000 1152 fa63de4960208ab8
22446 2 48000 1152 0fc9a0f88ccadfab
35397 2 48000 1152 1c6cf6ee9806d260
46248 2 48000 1152 8f47597fd4b083a3
58447 2 48000 1152 8203b9d86ee13956
case 14
5140 1 48000 1152 0eab03d1f3bea685
11427 1 48000 1152 dcf956f162e13e18
17924 1 48000 1152 e2383c2a5a696a85
23195 1 48000 1152 96c825b588277a1d
29176 1 48000 1152 d29b86f05321625f
case 15
10841 2 32000 1152 a584c651ca5a119b
23854 2 32000 1152 0a740a3c4e414e75
36553 2 32000 1152 b0fc5c536d216c97
47312 2 32000 1152 2a72241b6b4e3c21
60061 2 32000 1152 a12c7e7a1f0c6147
case 16
11030 2 32000 1152 5846840b1be640e0
24023 2 32000 1152 35e8813eeef4280a
35716 2 32000 1152 05bcbd3e5a4677d7
46585 2 32000 1152 f0ad0c6810fb528c
59614 2 32000 1152 1663437ec25d846d
case 17
5863 1 32000 1152 64f0ab2887074457
13160 1 32000 1152 9e991fc0a12c09c7
20069 1 32000 1152 e054bcc9dbb45b41
25552 1 32000 1152 ff69ef086756546a
32295 1 32000 1152 4861810dd2556e74
